# This is unistrok.15
# See the original unistrok for the format of this file
#   (c) 1997 Todd David Rudick
5100 169	| 1 2 3 1 6 2 6 6 1 6 2 9 3 1 3
5104 170	| 1 2 2 6 3 1 6 2 b 6 6 1 3 3 3
5674 717	| 2 b 6 6 2 6 2 2 2 b 6 6 6 1 3
5631 718	| 2 b 6 b 6 x 1 2 b 6 2 b 2 6 3
58b3 719	| 6 2 9 6 2 6 2 2 2 b 6 6 6 1 3
5b09 722	| 23 x 6 6 2 6 2 b 6 3 1 6 2 b 6
885d 725	| 1 1 2 1 6 2 b 6 6 2 6 9 6 6 2
5fb9 726	| 1 1 2 2 6 16 3 2 b 6 6 1 6 x y
61a4 730	| 2 1 3 6 2 6 2 2 2 b 6 6 6 1 3
64b2 733	| 6 2 9 2 2 3 1 6 3 1 6 6 6 x 3		| j2-y3
64ae 737	| 6 2 9 2 b 6 6 6 2 6 6 9 2 61 3	| j2-y3
64a4 738	| 6 2 9 2 6 16 3 2 b 6 6 1 6 x y	| j2-y3
6f6e 739	| 3 3 9 6 2 2 b 6 6 6 2 x b 6 6
6f84 740	| 3 3 9 61 3 1 3 1 6 2 b 6 3 1 6
6f64 742	| 3 3 9 2 b 6 6 2 b7 6 6 6 2 6 6
6f54 744	| 3 3 9 6 2 6 6 b7 1 13 16 3 2 1 3
6f5f 745	| 3 3 9 1 2 6 b 6 6 1 b7 1 3 3 3
6f5c 746	| 3 3 9 6 6 x 3 6 6 x 3 2 b 6 6
6a19 1064	| 6 2 1 3 6 2 b 2 2 6 6 6 2 1 3
6a29 1065	| 6 2 1 3 1 6 6 x 2 2 6 2 6 6 6
6a2a 1066	| 6 2 1 3 6 2 2 6 2 b 2 6 6 1 3
69fd 1067	| 6 2 1 3 6 2 2 b 2 2 6 2 b 6 6
78ba 1228	| 6 x 2 b 6 2 61 x 2 1 6 2 6 6 6
7a3c 1230	| 1 6 2 1 3 2 2 61 6 1 327 1 1 1 3
7a3f 1231	| 1 6 2 1 3 2 6 2 b 6 2 b 2 b 6
7a42 1232	| 1 6 2 1 3 6 2 b 6 6 2 1 c 3 3
7e01 1386	| 13 16 3 2 1 3 b 6 6 1 327 1 1 1 3
7de8 1387	| 13 16 3 2 1 3 6 b 6 x 2 b 6 2 2
7e04 1388	| 13 16 3 2 1 3 2 b 6 6 2 b 6 6 c
7de9 1389	| 13 16 3 2 1 3 1 3 3 1 6 6 x 61 3
7dda 1392	| 13 16 3 2 1 3 1 2 b 6 6 2 61 1 3
7de0 1393	| 13 16 3 2 1 3 2 6 3 1 2 61 2 b 2
8f1d 1402	| 2 3 1 6 x 29 2 61 6 2 b 6 6 6 2
7cd6 1403	| 3 1 6 2 1 3 2 6 x 62 6 6 2 b 6
8abf 1567	| 3 6 6 6 2 b 6 x b 6 2 6 2 b 6
8afe 1568	| 3 6 6 6 2 b 6 6 2 2 x 6 2 b 6
8ac7 1569	| 3 6 6 6 2 b 6 3 1 x 3 3 1 x 3
8b01 1570	| 3 6 6 6 2 b 6 2 b 6 6 1 b7 1 c
8ab2 1573	| 3 6 6 6 2 b 6 2 b 6 6 6 2 1 3
8ad6 1574	| 3 6 6 6 2 b 6 1 3 6 2 b 6 2 2
8acb 1576	| 3 6 6 6 2 b 6 6 2 6 6 2 b 6 6
8af8 1577	| 3 6 6 6 2 b 6 6 2 6 1 2 b 6 6
8ab0 1578	| 3 6 6 6 2 b 6 1 2 1 6 2 6 6 6
8a95 1579	| 3 6 6 6 2 b 6 1 2 6 2 6 61 31 3
8ce0 1582	| 2 b 6 6 6 1 3 2 6 3 1 6 2 b 6
8ce6 1583	| 2 b 6 6 6 1 3 6 6 2 6 2 9 y 3
8cdc 1585	| 2 b 6 6 6 1 3 2 b 6 6 1 637 3 3
8e0f 1587	| 2 b 6 2 6 2 9 2 61 1 3 2 b 6 6
8f2a 1589	| 6 2 b 6 6 6 2 1 3 6 2 b 6 2 2
92f3 1729	| 1 3 6 6 2 3 1 9 6 6 6 x 6 2 3
92ed 1730	| 1 3 6 6 2 3 1 9 3 1 2 b 6 x c
9913 1734	| 1 3 2 b 6 6 29 3 1 6 2 1 y 1 3
8217 1735	| 1 3 6 2 6 2 b 6 6 2 b 6 6 2 3
99d0 1826	| 2 6 2 6 6 b7 2 3 3 3 3 6 2 6 6
99d2 1827	| 2 6 2 6 6 b7 2 3 3 3 1 b7 2 b 6
6575 1864	| 2 6 3 1 2 b 6 2 2 b 6 1 6 x y
6b53 1867	| 1 6 6 x 2 2 6 2 6 6 6 1 61 x y
6577 1870	| 6 2 b 6 6 2 3 2 6 b7 x 1 6 x y
622f 1875	| 2 6 x 61 6 c 2 2 3 1 9 6 y 1 3
5f71 1889	| 2 b 6 6 2 6 2 b 6 2 1 3 1 1 1
5287 1904	| 2 6 x 61 6 c 6 1 327 1 1 1 3 2 2
8912 2144	| 2 6 1 2 2 b 6 6 2 1 3 1 29 1 3
6182 2145	| 6 1 2 b 6 6 2 61 1 c 3 3 1 61 3
821e 2146	| 1 6 6 2 2 2 2 6 1 61 3 6 2 6 2
8cd3 2357	| 2 2 61 6 2 1 3 1 2 b 6 6 6 1 3
7aae 2358	| 2 2 61 1 c 1 2 b 6 6 9 1 b 6 2b7
5bee 2359	| 2 2 61 6 x 3 3 1 2 b 6 6 2 1 3
5be9 2360	| 2 2 61 1 3 1 6 2 1 3 2 b 2 6 6
7aaf 2361	| 2 2 61 1 c 3 1 6 2 6 6 1 3 3 3
8535 2364	| 6 2 2 x 6 2 6 2 b 6 2 6 y 1 3
990a 2365	| 3 1 6 2 6 6 1 3 2 b 6 6 29 1 3
66b4 2515	| 2 b 6 6 6 2 2 6 1 3 2 3 9 1 3
7f77 2617	| 2 b 2 2 6 16 3 2 b 6 6 1 c 1 c
8cde 2618	| 2 3 1 2 61 2 b 6 2 b 6 6 6 1 3
7bc4 2709	| 1 6 2 1 6 2 6 2 b 6 6 6 2 b7 c
7bb1 2711	| 1 6 2 1 6 2 6 2 1 3 2 b 6 6 6
5668 2713	| 2 b 6 2 b 6 6 x 3 2 b 6 2 b 6
970a 2805	| 6 2 61 2 3 3 3 3 6 6 2 2 3 1 6
9707 2806	| 6 2 61 2 3 3 3 3 6 x 6 6 29 1 3
8f29 2807	| x 6 6 9 2 6 6 6 6 2 b 6 6 6 2
8cea 2808	| 1 x 6 2 1 x 6 2 2 b 6 6 6 1 3
8cdb 2809	| 6 6 x 3 6 6 x 3 2 b 6 6 6 1 3
7dca 2838	| 2 b 2 b 6 2 6 61 3 13 16 3 2 1 3
76e4 2851	| 1 x b 3 2 9 x c 61 3 2 b 2 2 6
76e3 2852	| 2 6 2 b 6 2 6 1 6 6 2 b 2 2 6
6483 2863	| 6 2 b 6 6 6 2 1 6c 61 3 1 6 6 27
66ab 2864	| 6 2 b 6 6 6 2 1 x 6 2 2 b 6 6
9ed9 2865	| 2 b 6 6 2 6 9 6 x 3 3 1 3 3 3
71b1 2866	| 6 2 6 1 c 6 2 9 x 6c 3 1 3 3 3
6170 2867	| b 6 x 6 6 2 1 3 6 2 3 1 c 3 3
52f2 2869	| 1 6 2 b 6 6 2 6 9 b7 x 1 3 3 3
589c 2881	| 61 34 2 3 1 6 1 327 1 1 1 3 6 2 6
5f0a 2884	| 2 3 1 2 b 2 1 3 1 6 1 3 6 x 2
5e63 2885	| 2 3 1 2 b 2 1 3 1 6 1 3 2 b 2
5c0e 2888	| 3 1 6 1 2 b 6 6 6 3 6131 36 6 2 3
907a 3166	| 2 b 6 2 6 2 b 6 6 6 1 3 3 6131 36
9075 3167	| 3 1 6 2 b x c 6 6 6 2 3 3 6131 36
9078 3169	| b 6 c b 6 c 6 2 2 6 1 3 3 6131 36
9077 3170	| 6 2 b 2 2 6 6 1 3 b 6 c 3 6131 36
5c65 3171	| b 6 x 1 1 2 1 6 2 b 6 6 1 61 3
6176 3173	| 2 6 x b 2 2 6 61 1 36 3 3 1 61 3
6469 3175	| 2 6 x 6 2 1 3 6 2 1 3 1 6 6 27
819a 3265	| 2 6 x 61 6 c 2 b 2 6 6 2 b 6 6
616e 3266	| 2 6 x 61 6 c 2 b 2 6 6 1 c 3 3
8da3 3317	| 6 2 6 2 6 1 3 6 2 6 6 9 2 61 3
9b45 3329	| 1 2 b 2 6 6 x c 16 3 6 6 2 1 3
95b2 3330	| 2 b 6 6 2 b 6 6 3 1 2 b 6 x c
