# This is unistrok.16
# See the original unistrok for the format of this file
#   (c) 1997 Todd David Rudick
5112 174	| 1 2 6 1 61 2 3 3 3 3 6 1 2 b 2 2
51dd 175	| 3 9 1 c 1 6 6 x 3 61 3 61 2 6 x y
58c7 754	| 6 2 9 2 6 2 b 2 b 6 6 2 b 6 6 6
58cc 755	| 6 2 9 2 6 1 3 6 2 2 6 6 1 29 1 3
58ca 756	| 6 2 9 6 2 2 b 2 2 6 2 6 1 29 1 3
5b22 758	| 23 x 6 2 6 1 3 6 2 2 6 6 1 29 1 3
885b 760	| 1 1 2 2 b 6 2 b 6 6 2 6 2 6 6 27
8861 761	| 1 1 2 1 61 2 b 2 6 6 6 x 3 6 6 27
61d0 763	| 1 3 2 6 2 2 b 2 2 6 2 6 1 29 1 3
61be 764	| 1 3 2 x 6 6 2 b 6 3 1 3 1 36 3 3
61b6 765	| 1 3 2 2 6 3 1 6 2 b 6 6 1 36 3 3
64cd 769	| 6 2 9 2 b 6 2 b 6 2 b 6 6 2 1 3	| j2-y3
64c1 770	| 6 2 9 2 6 13 16 x 1 2 1 6 2 6 6 6
6fc1 774	| 3 3 9 2 b 2 2 6 1 b7 2 b 6 2 9 3
6fc0 776 	| 3 3 9 1 2 b 6 6 2 6 b7 x 1 6 x y
6fc3 777	| 3 3 9 2 b 2 2 6 6 6 x 6 6 29 1 3
7372 779	| 1 27 1 6 2 2 1 2 1 6 2 6 6 6 61 3
96a3 781	| 61 34 2 3 1 6 2 1 3 1 61 3 6 2 6 2
6a39 1075	| 6 2 1 3 6 2 6 2 b 6 3 1 9 6 2 3
6a5f 1076	| 6 2 1 3 13 16 3 13 16 3 6 x 3 y 1 3
6a4b 1078	| 6 2 1 3 1 6 x 3 2 b 6 2 b 2 b 6
71c3 1081	| 3 1 x 3 x 6x 3 3 6 x 3 3 1 3 3 3
81a8 1084	| x b 6 6 6 2 6 2 b 6 3 1 9 1 1 1
7a4f 1235	| 1 6 2 1 3 1 3 3 1 b 6 6 1 c 3 3
7a4d 1236	| 1 6 2 1 3 6 2 6 6 2 b 6 6 6 1 3
7e1b 1405	| 13 16 3 2 1 3 6 2 b 6 6 2 3 6 2 3
7e2b 1406	| 13 16 3 2 1 3 1 61 3 6 6 6 2 3 6131 3
7def 1407	| 13 16 3 2 1 3 2 b 6 2 b 6 6 2 6 2
7e26 1408	| 13 16 3 2 1 3 1 1 2 3 1 6 2 6 x 3
8b00 1593	| 3 6 6 6 2 b 6 6 2 2 6 6 6 2 1 3
8aee 1596	| 3 6 6 6 2 b 6 3 9 1 61 x 3 2 b 6
8b21 1597	| 3 6 6 6 2 b 6 1 3 3 1 6 6 2 c 2
8aed 1598	| 3 6 6 6 2 b 6 1 3 6 2 b 6 6 2 2
982d 1604	| 6 2 b 6 3 1 9 6 1 2 b 6 6 6 1 3
8f38 1607	| 6 2 b 6 6 6 2 1 3 6 2 b 6 6 2 2
983c 1615	| 6 2 b 6 2 1 3 6 1 2 b 6 6 6 1 3
9320 1737	| 1 3 6 6 2 3 1 9 2 2 61 6 2 6 x 3
932c 1741	| 1 3 6 6 2 3 1 9 6 2 b 6 6 2 1 3
9332 1742	| 1 3 6 6 2 3 1 9 b 6 6 2 3 9 1 3
932f 1743	| 1 3 6 6 2 3 1 9 6 2 2 6 2 b 6 6
9318 1744	| 1 3 6 6 2 3 1 9 1 6 6 2 2 6 2 6
9928 1748	| 1 3 2 b 6 6 29 3 2 2 61 2 b 6 b 6
96b7 1751	| 6 2 6 6 6 2 1 3 b 6 6 2 3 9 1 3
89aa 1799	| 2 6 3 1 6 6 2 1 3 2 b 6 6 6 x c
9f8d 1801	| 6 2 3 1 6 2 b 6 6 6 c2 6 c 6 6 6
878d 1831	| 6 2 b 6 2 b x c 6 2 2 b 6 2 9 3
7363 1892	| 3 3 1 2 b 2 6 6 6 2 b 6 6 x y 3
596e 2367	| 6 x 3 1 2 1 6 2 6 6 6 2 b 2 6 6
61b2 2368	| 2 2 61 6 2 6 6 2 b 2 2 6 1 c 3 3
8584 2370	| 6 2 2 3 3 9 6 2 b 6 6 2 3 6 2 3
85ab 2371	| 6 2 2 1 6 2 b 6 6 2 6 6 1 3 3 3
8557 2372	| 6 2 2 2 b 6 2 6 2 9 1 61 3 2 b 6
85a6 2373	| 6 2 2 2 6 x b 2 2 6 6 2b7 1 3 3 3
85aa 2374	| 6 2 2 2 6 3 1 6 6 2 1 3 1 x 6 2
85ac 2375	| 6 2 2 1 2 b 6 6 3 9 1 3 6 2 1 3
66c7 2521	| 2 b 6 6 6 2 61 2 3 3 3 3 6 6 16 3
7bc9 2715	| 1 6 2 1 6 2 6 2 9 x 6c 3 6 2 1 3
7be4 2716	| 1 6 2 1 6 2 2 b 2 6 6 b7 1 3 3 3
8ce2 2839	| 2 6 2 b 6 2 6 61 3 2 b 6 6 6 1 3
7e41 2853	| 1 6 13 b 2 6 1 6 1 3 13 16 3 2 1 3
6574 2871	| 6 2 b 6 2 1 3 1 6 1 3 6 2 6 2 6
61a9 2890	| 1 6 2 2 b 6 1 2 b 6 6 6 1 c 3 3
58c1 2895	| b 6 x 2 b 6 2 6 3 1 6 6 2 6 2 6
58be 2896	| 1 3 3 1 327 1 1 b 6 6 29 1 3 6 2 6
8208 2909	| 1 2 6 6 2 b 6 2 b 6 b 6 6 6 1 3
907f 3179	| b 6 x 2 b 6 2 6 3 1 6 6 2 3 6131 36
9084 3180	| 2 b 2 2 6 6 2 b 6 1 2 1 3 3 6131 36
78e8 3181	| 2 6 x 6 2 1 3 6 2 1 3 6 1 2 b 6
