# This is unistrok.17
# See the original unistrok for the format of this file
#   (c) 1997 Todd David Rudick
511f 176	| 1 2 2 3 1 2 61 2 b 6 2 b 6 6 6 1 3
512a 177	| 1 2 6 1 2 b 6 6 1 61 1 c 3 3 1 61 3
5687 784	| 2 b 6 6 2 6 x 2 1 3 6 2 6 x 2 1 3
64ec 788	| 6 2 9 1 c 1 6 6 x 3 61 3 61 2 6 x 3		| j2-y3
64e6 790	| 6 2 9 2 2 61 1 61 3 3 61 3 6 6 2 1 3		| j2-y3
6fef 793	| 3 3 9 b 6 6 b 6 6 1 2 1 6 2 6 6 6
71e5 1087	| 3 1 x 3 2 b 6 2 b 6 2 b 6 6 2 1 3
72a0 1089	| 1 6 2 9 3 1 6 2 6 6 1 6 27 9 3 1 3
74b0 1090	| 6 2 6 9 2 b 2 2 6 6 2 b 6 1 2 1 3
8b04 1093	| x b 6 6 3 1 6 6 x 3 3 6 6 6 2 b 6
77b3 1237	| 2 b 6 6 6 2 6 3 1 6 2 b 6 6 2 6 6
77ef 1241	| 1 6 6 x 3 1 6 1 3 2 b 6 2 b 2 b 6
7901 1243	| 6 x 2 b 6 1 2 1 6 2 6 6 6 1 3 3 3
7e3e 1412	| 13 16 3 2 1 3 6 2 6 6 2 b 6 6 6 1 3
7e4a 1413	| 13 16 3 2 1 3 6 2 6 2 2 3 1 9 y 1 3
7e2e 1414	| 13 16 3 2 1 3 2 2 61 1 2 6 1 2 b 6 6 
8074 1418	| 6 2 6 6 9 2 6 2 2 b 2 2 6 2 c 3 3
8b19 1617	| 3 6 6 6 2 b 6 3 1 6 b 6 6 2 2 1 3
8b39 1618	| 3 6 6 6 2 b 6 6 2 2 2 b 6 2 6 6 6
8b1b 1619	| 3 6 6 6 2 b 6 6 2 2 6 6 2 b 2 6 6
8b1d 1620	| 3 6 6 6 2 b 6 1 2 b 6 6 6 1 6 2 3
8cfc 1624	| 2 b 6 6 6 1 3 6 2 2 6 6 2 b 2 6 6
8f44 1627	| 6 2 b 6 6 6 2 2 2 61 6 2 6 6 2 b 6
919c 1629	| 6 2 b x c 6 6 1 2 b 2 6 6 x c 16 3
9394 1762	| 1 3 6 6 2 3 1 9 2 b 2 6 2 b 2 b 6
9375 1753	| 1 3 6 6 2 3 1 9 b 6 6 6 6 2 61 61 3
935b 1755	| 1 3 6 6 2 3 1 9 1 2 6 6 9 1 6c 61 3
97d3 1757	| 6 2 2 b 6 6 6 2 2 b 6 2 b 6 6 c 2
983b 1758	| 2 6 2 6 2 1 3 1 6 1 2 b 6 6 6 1 3
9bae 1877	| 1 61 2 b 2 6 6 2 3 3 3 3 1 6 6 6 2
9f62 1895	| 2 6 2 6 3 1 6 2 1 3 c 2 1 3 3 61 3
9f62 1895	| 2 6 2 6 3 1 6 2 1 3 c 2 1 3 6 b 2
5dba 2376	| 2 c 2 1 3 3 61 3 6 1 2 b 6 6 6 1 3
5dba 2376	| 2 c 2 1 3 6 b7 2 6 1 2 b 6 6 6 1 3
7235 2524	| 1 3 3 1 2 b 2 2 6 b 6 6 29 3 6 2 3
7ffc 2720	| b 3 9 b 3 9 2 b 2 6 6 6 2 2 6 1 3
971c 2815	| 6 2 61 2 3 3 3 3 6 2 1 3 2 b 6 6 6
89a7 2854	| 2 6 2 b 6 2 6 1 6 6 2 b 6 6 6 x c
61c7 2899	| 1 3 3 1 327 1 1 b 6 6 29 1 3 1 c 3 3
7642 3288	| 2 6 x 3 9 6 x 3 3 1 2 b 6 6 2 1 3
53b3 3289	| 3 3 1 6 x 6 2 6 2 6 6 9 2 1 6 1 3
