# This is unistrok.18
# See the original unistrok for the format of this file
#   (c) 1997 Todd David Rudick
6feb 801	| 3 3 9 2 6 2 b 6 2 6 1 6 6 2 b 2 2 6
66dc 1096	| 2 b 6 6 b 6 6 b 6 6 1 2 1 6 2 6 6 6
77ac 1247	| 2 b 6 6 6 1 3 3 1 2 61 x 6x 3 6 2 6 2
790e 1248	| 6 x 2 b 6 6 2 1 3 6 2 1 3 61 2 6 1 3
7a6b 1251	| 1 6 2 1 3 6 2 2 1 2 2 6 2 6 6 6 61 3
895f 1252	| 2 61 2 1 3 6 2 1 3 6 2 1 3 6 6 2 1 3
7ce7 1421	| 3 1 6 2 1 3 2 b 6 6 6 2 b 6 6 2 6 6
7e54 1422	| 13 16 3 2 1 3 2 6 3 1 6 2 b 6 6 y 1 3
7e55 1423	| 13 16 3 2 1 3 3 1 6 6 6 2 3 1 6 2 b 6
8077 1425	| 6 2 6 6 9 2 2 6 3 1 6 2 b 6 6 y 1 3
81e8 1630	| 2 6 2 b 6 2 6 1 6 2 b 6 2 b 6 2 b 6
8d08 1634	| 2 b 6 6 6 1 3 3 1 2 b 2 6 6 2 b 6 6
8b5c 1637	| 3 6 6 6 2 b 6 3 1 6 2 2 1 3 2 b 6 6
93ae 1759	| 1 3 6 6 2 3 1 9 6 2 2 b 6 6 6 6 1 3
9396 1761	| 1 3 6 6 2 3 1 9 2 3 1 2 b 6 6 6 1 3
984d 1805	| 2 2 61 x 61 3 2 b 6 6 1 2 b 6 6 6 1 3
9855 1806	| 2 b 6 6 2 2 3 1 9 6 1 2 b 6 6 6 1 3
985e 1807	| 3 1 6 2 1 3 6 x 3 6 1 2 b 6 6 6 1 3
9854 1808	| 2 6 3 1 6 x 1 1 1 6 1 2 b 6 6 6 1 3
9a13 1833	| 2 6 2 6 6 b7 2 3 3 3 1 3 6 2 b 6 x 3
9a0e 1834	| 6 2 2 6 6 b7 2 3 3 3 6 x 3 6 2 b 6 2
96e2 1836	| 2 6 1 3 c 2 2 b 16 3 1 2 2 6 2 6 6 6
96e3 1838	| 6 2 2 2 b 6 6 6 x 3 1 2 2 6 2 6 6 6
89b3 1880	| 1 6 6 x 2 2 6 2 6 6 6 2 b 6 6 6 x c
7ffb 1897	| 1 3 1 6 2 1 3 2 b 2 6 6 b 3 9 b 3 9
85e9 2379	| 6 2 2 3 3 9 1 3 1 6 2 1 3 2 b 2 6 6
7e6d 2380	| 6 2 2 2 b 2 13 16 3 2 1 3 2 b 6 2 9 3
7c21 2721	| 1 6 2 1 6 2 2 b 6 6 2 b 6 6 2 b 6 6
8986 2726	| 6 2 b 2 2 6 1 1 2 1 6 2 b 6 6 1 61 3
7c3f 2727	| 1 6 2 1 6 2 3 3 9 6 2 b 6 6 2 6 2 3
9727 2817	| 6 2 61 2 3 3 3 3 61 3 61 2 1 6 1 3 b7 x
61f2 2910	| 1 1 2 2 c 2 6 2 6 6 1 6 1 3 1 c 3 3
7656 3290	| 2 6 x 3 9 b 6 x 2 b 6 2 6 3 1 6 6 2
7652 3291	| 2 6 x 3 9 1 3 6 2 b 3 3 13 13 1 c 3 3
6234 3302	| 6 2 6 2 b 2 6 6 6 2 6 2 6 1 3 y 1 3
95d8 3334	| 2 b 6 6 2 b 6 6 6 2 b 6 3 1 9 6 2 3
984c 3337	| 2 b 6 6 6 2 6 1 3 6 1 2 b 6 6 6 1 3
