# This is unistrok.19
# See the original unistrok for the format of this file
#   (c) 1997 Todd David Rudick
702c 806	| 3 3 9 6 2 b 6 2 1 3 6 1 2 b 6 6 6 1 3
7206 1101	| 3 1 x 3 2 b 6 6 6 2 2 6 1 3 2 3 9 1 3
81d3 1102	| x b 6 6 6 2 2 x 6 2 6 2 b 6 2 6 y x 3
7e70 1427	| 13 16 3 2 1 3 2 b 6 2 b 6 2 b 6 6 2 1 3
8b58 1639	| 3 6 6 6 2 b 6 2 6 3 1 6 2 b 6 6 y 1 3
93e1 1766	| 1 3 6 6 2 3 1 9 2 6 3 1 6 2 b 6 6 x c
9d8f 1768	| 1 3 3 1 6 6 x 3 1 2 b 6 6 6 b7 2 3 3 3
97fb 1811	| 2 6 3 1 6 2 b 6 6 2 b 6 2 b 6 6 6 1 3
9ac4 1842	| 2 b 2 6 2 61 2 b 6 6 1 6 2 b 6 6 3 6131 3
9858 1845	| 6 x 2 2 b 6 6 2 1 3 6 1 2 b 6 6 6 1 3
9be8 1882	| 1 61 2 b 2 6 6 2 3 3 3 2 6 2 b 6 2 1 3
9e97 2151	| 6 2 b 3 6 2 b 3 2 6 x b 2 2 6 1 29 1 c
85fb 2384	| 6 2 2 3 3 9 2 b 6 2 b 6 2 b 6 6 2 1 3
7f85 2622	| 2 b 2 2 6 13 16 3 2 1 3 1 2 1 6 2 6 6 6
8987 2730	| 6 2 b 2 2 6 6 2 2 6 2 b 6 6 2 x b 6 6
8b66 2893	| 6 2 2 1 b7 2 b 6 1 6 1 3 3 6 6 6 2 b 6
74bd 2911	| 6 1 3 2 b 2 1 3 1 3 1 3 1 3 6 2 6 6 3
9b54 3187	| 2 6 x 6 2 1 3 6 2 1 3 1 2 b 2 6 6 1 c
