# This is unistrok.11
# See the original unistrok for the format of this file
#   (c) 1997 Todd David Rudick
507d 131	| 1 2 3 1 b b b 2 3 3 3
5076 132	| 1 2 2 b 6 6 2 b 2 6 3
504f 133	| 1 2 6 b 6 x 2 b 6 2 2
5065 134	| 1 2 b 6 6 6 6 2 61 61 3
5074 137	| 1 2 2 b 6 6 6 1 3 2 2
5075 138	| 1 2 2 6 2 b 6 6 6 1 3
505c 139	| 1 2 2 6 2 b 6 2 61 6 2
9803 144	| 4 c 6 1 2 b 6 6 6 1 3
9802 145	| 6 2 6 1 2 b 6 6 6 1 3
559d 461	| 2 b 6 2 b 6 6 1 b7 1 c
5531 462	| 2 b 6 2 b 6 6 2 b 6 6
552f 463	| 2 b 6 1 2 1 6 2 6 6 6
57f9 464	| 6 2 9 2 6 3 1 6 2 b 6
57df 465	| 6 2 9 6 2 b 6 9 3 1 3
5800 467	| 6 2 9 b 6 x 2 c 2 c 2
5a66 469	| 23 x 6 b 6 6 2 61 2 b 2
5a5a 470	| 23 x 6 1 29 6 y 2 b 6 6
5d0e 472	| 2 c 2 6 x 3 6 2 b 6 27
5e33 473	| 2 b 2 2 6 6 6 6 29 1 3
5f35 474	| b 6 2b7 2 6 6 6 6 29 1 3
5f37 475	| b 6 2b7 16 3 2 b 6 2 9 3
8853 476	| 1 1 2 6 2 1 3 3 6 6 27
5f97 477	| 1 1 2 2 b 6 6 6 6 2 3
60c5 482	| 1 3 2 6 2 6 6 2 b 6 6
60e8 483	| 1 3 2 16 3 6 1 3 1 1 1
60dc 484	| 1 3 2 6 2 2 6 2 b 6 6
60bc 485	| 1 3 2 2 6 2 b 6 6 6 2
63cf 488	| 6 2 9 6 2 2 2 b 2 6 6		| j2-y3
6392 490	| 6 2 9 x 6 6 6 2 6 6 6		| j2-y3
6388 492	| 6 2 9 1 3 3 1 2 61 61 3	| j2-y3
639b 493	| 6 2 9 6 2 6 6 2 9 2 3		| j2-y3
63b2 494	| 6 2 9 2 b 6 6 1 b7 1 c	| j2-y3
63a7 495	| 6 2 9 2 2 61 x c 6 2 6	| j2-y3
6398 496	| 6 2 9 b 6 x 6 c 2 c 2		| j2-y3
636e 497	| 6 2 9 b 6 x 6 2 2 b 6		| j2-y3
63a1 499	| 6 2 9 1 3 3 1 6 2 1 3		| j2-y3
63a5 500	| 6 2 9 2 6 3 1 6 13 x 6	| j2-y3
6368 501	| 6 2 9 1 3 6 2 6 2 b 6		| j2-y3
63aa 502	| 6 2 9 6 2 2 6 2 b 6 6		| j2-y3
6383 503	| 6 2 9 b 6 6 2 61 2 b 2	| j2-y3
63a8 504	| 6 2 9 1 2 1 6 2 6 6 6		| j2-y3
63a2 505	| 6 2 9 2 61 x c 6 2 1 3	| j2-y3
6db2 511	| 3 3 9 2 6 1 2 1 61 3 3
6daf 512	| 3 3 9 6 x 6 2 6 6 2 6
6e0b 513	| 3 3 9 2 6 2 6 3 9 1 3
6e07 515	| 3 3 9 2 b 6 6 1 b7 1 c
6e13 516	| 3 3 9 1 3 3 1 6 6 x 3
6df7 519	| 3 3 9 2 b 6 6 6 29 1 c
6dbc 521	| 3 3 9 2 6 2 b 6 2 1 3
6e08 522	| 3 3 9 2 6 1 3 x 6 6 2
6e05 523	| 3 3 9 6 2 6 6 2 b 6 6
6df1 524	| 3 3 9 2 61 x c 6 2 1 3
6e09 526	| 3 3 9 2 6 2 6 2 1 3 1
6dd1 527	| 3 3 9 6 2 6 2 1 3 6x y
6de1 528	| 3 3 9 2 9 x y 2 9 x y
6dfb 529	| 3 3 9 1 6 x 3 2 1 3 3
732b 535	| 1 27 1 6 2 2 2 b 2 6 6
731b 537	| 1 27 3 61 27 6 2 b 2 2 6
731f 538	| 1 27 1 3 3 1 x 6y 6 6 2
966a 539	| 61 34 2 2 6 3 1 6 2 b 6
9673 540	| 61 34 2 6 2 b 6 6 2 1 3
9670 541	| 61 34 2 1 3 6 b 6 6 16 3
967a 542	| 61 34 2 1 3 6 2 b 6 x 3
9678 543	| 61 34 2 6 2 6 1 c 6 2 6
9675 544	| 61 34 2 6 2 6 1 c 1 61 3
9686 545	| 61 34 2 1 61 3 1 6 2 6 6
9676 546	| 61 34 2 1 b 1 6 6 2 c 2
90f7 549	| 13 16 x b 6 6 29 3 61 34 2
6eb6 664	| 3 3 9 2 2 61 1 3 2 b 6
65cb 957	| 2 6 b7 x 1 6 61 2 6 x 3
65cf 958	| 2 6 b7 x 1 3 1 6 6 x 3
68b0 961	| 6 2 1 3 6 6 x 2 y x 3
6893 962	| 6 2 1 3 2 6 3 1 6 6 2
73fe 968	| 6 2 6 9 2 b 6 6 6 x c
7403 969	| 6 2 6 9 6 2 3 9 1 3 3
7406 970	| 6 2 6 9 2 b 6 6 2 6 6
8996 972	| 2 61 2 3 2 b 6 6 6 x c
8131 973	| x b 6 6 3 1 2 b 6 x c
811a 974	| x b 6 6 6 2 6 16 3 b7 2
8133 975	| x b 6 6 3 3 1 1 3 c 2
8c5a 976	| x b 6 6 6 1 327 1 1 1 3
898f 978	| 6 6 x 3 2 b 6 6 6 x c
8139 1003	| x b 6 6 2 6 6 6 29 1 3
7565 1169	| 2 b 2 6 6 1 61 3 2 b 6
773a 1171	| 2 b 6 6 6 x 3 9 c 1 3
773c 1172	| 2 b 6 6 6 b 6 6 29 1 3
52d9 1173	| 61 3 61 27 1 1 6 1 3 b7 x
79fb 1177	| 1 6 2 1 3 1 61 3 1 61 3
7c98 1327	| 3 1 6 2 1 3 2 6 2 b 6
7c92 1328	| 3 1 6 2 1 3 2 6 3 1 6
7c97 1329	| 3 1 6 2 1 3 2 b 6 6 6
7d4c 1331	| 13 16 3 2 1 3 61 3 6 2 6
7d3a 1332	| 13 16 3 2 1 3 6 2 2 6 6
7d30 1333	| 13 16 3 2 1 3 2 b 2 6 6
7d33 1334	| 13 16 3 2 1 3 2 b 6 6 2
7d39 1335	| 13 16 3 2 1 3 b7 x 2 b 6
7d42 1336	| 13 16 3 2 1 3 1 31 3 3 3
7d44 1337	| 13 16 3 2 1 3 2 b 6 6 6
8236 1340	| 1 x b 3 2 9 1 2 b 6 6
8239 1341	| 1 x b 3 2 9 1 3 2 b 6
86c7 1343	| 2 b 6 2 9 3 2 2 61 1 c
8a2a 1468	| 3 6 6 6 2 b 6 2 6 b7 1
8a31 1470	| 3 6 6 6 2 b 6 1 6 6 2
8a2d 1471	| 3 6 6 6 2 b 6 x 6c 61 3
8a1f 1472	| 3 6 6 6 2 b 6 1 3 16 3
8a33 1473	| 3 6 6 6 2 b 6 b 6 x 3
6b32 1475	| 1 3 1 3 2 b 6 1 61 x 3
6557 1476	| 2 b 6 6 6 1 3 1 6 x y
8ca9 1477	| 2 b 6 6 6 1 3 6 x 61 3
8d66 1478	| 6 2 6 x 2 2 3 1 6 x y
8edf 1479	| 6 2 b 6 6 6 2 1 61 x 3
8ee2 1480	| 6 2 b 6 6 6 2 6 6 16 3
9154 1483	| 6 2 b x c 6 6 x 6c 6 2
91c8 1484	| 1 3 1 6 2 1 3 b 6 x 3
91ce 1485	| 2 b 6 6 2 6 9 61 3 61 27
659c 1486	| 1 3 6 6 2 1 3 3 3 6 2
6bbb 1490	| 6 2 6 1 61 x b9 x 6c 61 3
65ad 1492	| 3 1 6 2 1 3 c 1 x 6 2
6559 1493	| 6 2 6 1 61 27 9 1 6 1 3
6551 1497	| 6 2 3 9 1 3 3 1 6 1 3
91e3 1674	| 1 3 6 6 2 3 1 9 1 b7 3
90e8 1676	| 2 6 3 1 6 2 b 6 61 34 2
90ed 1678	| 2 6 2 b 6 61 27 9 61 34 2
4e7e 1679	| 6 2 2 b 6 6 6 2 1 6 616
57f7 1680	| 6 2 6 3 1 6 6 2 x 6c 3
5f69 1681	| 1 3 3 1 6 2 1 3 1 1 1
5f6b 1683	| x b 6 2 6 2 b 6 1 1 1
5c09 1685	| b 6 x 6 6 2 1 3 6 2 3
90fd 1686	| 6 2 6 1 2 b 6 6 61 34 2
90f5 1687	| 1 6 6 2 2 6 2 9 61 34 2
526f 1776	| 6 2 b 6 2 b 2 6 6 2 2
52d8 1777	| 6 2 2 6 6 6 x c c b7 x
52d5 1778	| 1 6 2 b 6 6 2 6 9 b7 x
5270 1779	| 1 6 6 2 2 6 2 1 3 2 2
658e 2115	| 2 6 1 3 x 6 6 2 1 3 2
5546 2116	| 2 6 3 1 2 b x c 2 b 6
7ae0 2117	| 2 6 3 1 6 2 b 6 6 6 2
7387 2118	| 2 6 13 16 3 3 9 1 3 6 2
8ca7 2123	| 1 3 b7 1 2 b 6 6 6 1 3
9b5a 2127	| 1 61 2 b 2 6 6 1 3 3 3
4e80 2128	| 1 61 2 b 6 6 2 b 6 6 c
7a92 2288	| 2 2 61 x c 6 16 3 6 2 6
5bc2 2290	| 2 2 61 2 6 6 2 1 3 61 3
5bc4 2291	| 2 2 61 6 x 3 6 2 b 6 2
5bc6 2292	| 2 2 61 2 1 c 2 3 2 c 2
5bbf 2293	| 2 2 61 1 2 6 1 2 b 6 6
7a93 2294	| 2 2 61 x c 16 3 1 c 3 3
5de3 2295	| 3 3 1 2 b 6 6 6 2 1 3
5d29 2296	| 2 c 2 x b 6 6 x b 6 6
5d07 2297	| 2 c 2 2 2 61 6 6 2 1 3
8457 2300	| 6 2 2 6 2 6 1 2 b 6 6
840c 2301	| 6 2 2 2 b 6 6 x b 6 6
83d3 2302	| 6 2 2 2 b 6 6 6 2 1 3
83ca 2303	| 6 2 2 1 b7 3 1 6 2 1 3
83cc 2304	| 6 2 2 2 b 1 6 2 1 3 6
83dc 2305	| 6 2 2 1 3 3 1 6 2 1 3
8cab 2460	| c b 2 6 2 b 6 6 6 1 3
8ca8 2465	| 1 2 1 c 2 b 6 6 6 1 3
8cac 2467	| 6 2 6 6 2 b 6 6 6 1 3
9ec4 2468	| 6 2 2 6 2 b 2 6 6 1 3
96c0 2469	| 2 1 3 1 2 1 6 2 6 6 6
6700 2472	| 2 b 6 6 6 2 6 6 9 61 3
7570 2584	| 2 b 2 6 6 6 2 2 6 1 3
7d2f 2585	| 2 b 2 6 6 13 16 3 2 1 3
888b 2588	| 1 2 6 3 3 2 6 1 29 1 3
5802 2589	| 2 3 1 2 61 2 b 6 6 2 6
5e38 2590	| 2 3 1 2 61 2 b 6 2 b 2
86cd 2591	| 3 3 1 2 61 2 b 6 2 6 3
7b2c 2660	| 1 6 2 1 6 2 b 6 2b7 2 1
7b26 2661	| 1 6 2 1 6 2 1 2 6 2 3
7b1b 2664	| 1 6 2 1 6 2 2 b 2 6 6
7fd2 2667	| b 3 9 b 3 9 1 2 b 6 6
7fcc 2668	| b 3 9 b 3 9 2 6 3 1 6
7968 2669	| 6 2 b 2 2 6 6 6 2 1 3
76d7 2670	| 3 9 1 61 x 3 2 b 2 2 6
796d 2672	| 1 61 3 3 61 3 6 6 2 1 3
57fa 2673	| 6 2 2 6 6 6 1 3 6 2 6
665d 2674	| x 6 b7 y 1 3 2 b 2 2 6
7b46 2677	| 1 6 2 1 6 2 b 6 6 6 2
9ed2 2740	| 2 b 6 6 2 6 6 1 3 3 3
60a0 2741	| 1 2 2 1 6 1 3 1 c 3 3
671b 2742	| 2 6 c x b 6 6 6 2 6 6
60aa 2745	| 6 2 b 6 2 2 6 1 c 3 3
66f9 2746	| 6 2 b 2 2 6 6 2 b 6 6
60a3 2747	| 2 b 6 2 b 6 2 1 c 3 3
96ea 2759	| 6 2 61 2 3 3 3 3 b 6 6
5a46 2762	| 3 3 9 x 61 2 61 3 16 x 6
5553 2763	| 6 b 6 x 1 6 1 3 2 b 6
9038 3120	| 1 61 2 b 2 6 x c 3 6131 36
9032 3121	| 1 2 1 6 2 6 6 6 3 6131 36
9031 3122	| x b 6 2 6 2 b 6 3 6131 36
902e 3123	| b 6 6 2 3 9 1 3 3 6131 36
5eb7 3124	| 2 6 x b 6 6 2 3 9 1 3
9ebb 3125	| 2 6 x 6 2 1 3 6 2 1 3
5eb6 3127	| 2 6 x 6 2 2 6 1 3 3 3
5eb8 3128	| 2 6 x b 6 6 2 b 6 6 2
865a 3237	| 2 6 x 61 6 c 2 2 3 1 6
7523 3298	| 2 6 3 1 6 x 1 6 2 6 6
9ce5 3312	| 1 2 b 6 6 6 b7 3 3 3 3
9589 3319	| 2 b 6 6 2 b 6 6 6 2 1
554f 3320	| 2 b 6 6 2 b 6 6 2 b 6
7c9b 3581	| b 6 6 2 3 1 6 1 3 x 2
