# This is unistrok.13
# See the original unistrok for the format of this file
#   (c) 1997 Todd David Rudick
50cd 153	| 1 2 1 6 2 b 6 6 2 6 9 b x
50be 154	| 1 2 1 c 6 1 2 b 6 6 6 1 3
5091 155	| 1 2 x 6x 3 6 2 6 2 6 2 1 3
50b5 156	| 1 2 6 2 6 6 2 b 6 6 6 1 3
50ac 157	| 1 2 2 c 2 1 2 2 6 2 6 6 6
50b7 158	| 1 2 1 6 2 b 6 6 6 1 b 1 1
50e7 159	| 1 2 3 1 2 b 2 6 6 2 b 6 6
5606 630	| 2 b 6 6 2 2 2 b 6 6 6 x 3
5869 631	| 6 2 9 1 6 2 b 6 2 b 2 2 6
584a 632	| 6 2 9 1 2 b 2 6 6 x c 16 3
5acc 636	| 23 x 6 3 1 6 b 6 6 2 2 1 3
5fae 639	| 1 1 2 2 c 2 6 x 29 1 6 x y
6168 641	| 1 3 2 b 6 6 29 3 6 2 6 x c
614e 643	| 1 3 2 6 2 2 b 6 6 6 6 1 3
642c 647	| 6 2 9 1 x b 3 2 9 1 6c 61 3		| j2-y3
643a 648	| 6 2 9 1 2 2 6 2 6 6 6 1 61617		| j2-y3
643e 649	| 6 2 9 2 2 61 x c 1 6 2 6 6		| j2-y3
6442 650	| 6 2 9 6 2 6 6 9 2 3 1 1 3		| j2-y3
640d 651	| 6 2 9 2 b 6 2 b 6 6 6 1 3		| j2-y3
6f20 655	| 3 3 9 6 2 2 2 b 6 6 6 x 3		| j7-y9
6e90 656	| 3 3 9 6 x 2 2 b 6 6 2 1 3
6f22 657	| 3 3 9 6 2 2 2 b 6 6 6 x 3		| y10-j7
6ed1 658	| 3 3 9 2 b 2 6 2 61 2 c 6 6
6e9d 659	| 3 3 9 6 2 2 6 6 2 b 2 6 6
6ec5 660	| 3 3 9 6 x 6 2 1 x 3 3 1 3
6edd 661	| 3 3 9 2 6 3 1 6 2 b 6 6 c
6ede 663	| 3 3 9 6 2 2 2 6 2 61 2 b 2
733f 669	| 1 27 1 6 2  6 2 b 6 1 29 1 3
9694 671	| 61 34 2 6 2 b 6 2 b 1 c 6 2
6697 1010	| 2 b 6 6 2 6 3 1 6 2 b 6 6
6696 1011	| 2 b 6 6 1 3 3 1 6 6 x 61 3
6687 1012	| 2 b 6 6 b 6 2 6 6 b 6 61 3
6975 1017	| 6 2 1 3 6 2 b7 2 b 6 61 3 6
697c 1019	| 6 2 1 3 3 1 6 2 1 3 13 x 6
7159 1021	| 3 1 x 3 6 2 b 2 2 6 6 2 6
7169 1022	| 3 1 x 3 6 1 2 b 6 6 6 1 3
798f 1029	| 2 61 2 3 6 2 b 6 2 b 2 6 6
798d 1030	| 2 61 2 3 2 b 2 6 2 b 2 b 6
7985 1032	| 2 61 2 3 3 3 1 2 b 6 6 6 2
8178 1033	| x b 6 6 2 b 6 6 6 x b7 1 1
8179 1034	| x b 6 6 1 6 2 b 6 6 1 61 3
817a 1035	| x b 6 6 1 2 b 6 6 2 61 1 3
8170 1036	| x b 6 6 6 2 b 2 2 6 13 x 6
9811 1040	| 6 6 x 29 6 1 2 b 6 6 6 1 3
9810 1042	| 61 3 61 27 6 1 2 b 6 6 6 1 3
9812 1043	| 1 3 b x 6 1 2 b 6 6 6 1 3
980c 1045	| 1 3 16 3 6 1 2 b 6 6 6 1 3
96c5 1197	| 6 2 6 2 1 1 2 1 6 2 6 6 6
7761 1200	| 2 b 6 6 6 1 6 6 2 2 6 2 6
7a1a 1206	| 1 6 2 1 3 1 2 1 6 2 6 6 6
8910 1210	| 2 61 2 1 3 2 b 6 6 1 b7 1 c
88f8 1211	| 2 61 2 1 3 2 b 6 6 6 2 1 3
7d99 1360	| 13 16 3 2 1 3 3 1 6 2 1 3 c
7d79 1361	| 13 16 3 2 1 3 2 b 6 2 b 6 6
7d9a 1362	| 13 16 3 2 1 3 6 2 6 2 61 x c
8f9e 1364	| 1 6 2 2 b 6 2 6 3 1 6 6 2
8247 1365	| 1 x b 3 2 9 1 6 2 6 61 6x 3
89e3 1517	| 1 61 x b 2 6 6 b7 1 1 6 6 2
89e6 1518	| 1 61 x b 2 6 6 2 b 6 2 9 3
8a72 1519	| 3 6 6 6 2 b 6 2 6 13 1 1 3
8a70 1521	| 3 6 6 6 2 b 6 6 2 6 2 b 6
8a87 1522	| 3 6 6 6 2 b 6 6 x 3 6 6 2b7
8aa0 1523	| 3 6 6 6 2 b 6 x 6 b y 1 3
8a69 1524	| 3 6 6 6 2 b 6 6 2 6 6 2 3
8a66 1525	| 3 6 6 6 2 b 6 6 6 2 9 y 3
8a73 1526	| 3 6 6 6 2 b 6 3 1 6 6 6 2
8a71 1527	| 3 6 6 6 2 b 6 1 6 2 2 b 6
8cc4 1529	| 2 b 6 6 6 1 3 x 6 2 b 6 6
8cca 1530	| 2 b 6 6 6 1 3 6 6 2 y 1 3
8df3 1532	| 2 b 6 2 6 2 9 x 3 9 c 1 3
8def 1533	| 2 b 6 2 6 2 9 1 61 3 2 b 6
8de1 1534	| 2 b 6 2 6 2 9 2 6 x 2 1 3
8df5 1535	| 2 b 6 2 6 2 9 6 6 6 y 1 3
8f03 1536	| 6 2 b 6 6 6 2 2 6 1 3 1 3
916a 1538	| 6 2 b x c 6 6 1 61 3 2 b 6
916c 1539	| 6 2 b x c 6 6 1 x 3 2 3 2
7fa4 1540	| b 6 6 x 2 b 6 3 1 6 6 6 2
925b 1707	| 1 3 6 6 2 3 1 9 1 3 2 b 6
9262 1708	| 1 3 6 6 2 3 1 9 6 2 1 3 6
9271 1709	| 1 3 6 6 2 3 1 9 2 6 x 16 3
9234 1710	| 1 3 6 6 2 3 1 9 1 3 6 b7 2
9234 1710	| 1 3 6 6 2 3 1 9 1 3 3 61 3
9244 1711	| 1 3 6 6 2 3 1 9 1 6 6 x 3
98fd 1715	| 1 3 2 b 6 6 29 3 1 b7 b 6 c
98fc 1716	| 1 3 2 b 6 6 29 3 b 6 2 b 6
98fe 1717	| 1 3 2 b 6 6 29 3 1 6 2 b 2
5e79 1718	| 6 2 2 b 6 6 6 2 1 3 6 6 2
55e3 1719	| 2 b 6 2 b 6 2 2 b 6 2 b 6
9774 1781	| 6 2 2 6 2 b 6 6 2 1 2 1 c
65b0 1784	| 2 6 3 1 6 6 2 1 3 1 x 6 2
732e 1785	| 6 2 2 b 3 1 6 6 2 6 x 3 3
9f13 1786	| 6 2 6 2 b 6 3 1 9 6 2 61 3
6226 1787	| 3 3 1 2 b 6 6 6 2 6 y 1 3
6570 1790	| 3 1 6 2 1 3 13 x 6 1 6 x y
52e7 1857	| 1 6 6 x 2 2 6 2 6 6 6 b7 x
610f 2136	| 2 6 3 1 6 2 b 6 6 1 c 3 3
68c4 2137	| 2 6 16 3 6 2 2 2 6 6 2 1 3
88cf 2138	| 2 6 2 b 6 6 2 6 6 1 29 1 3
5bdb 2327	| 2 2 61 6 2 2 2 b 6 6 6 1 c
5bdd 2329	| 2 2 61 2 3 9 b 6 6 2 61 61 3
5893 2332	| 6 2 2 2 b 6 6 6 1 3 6 2 6
84c4 2333	| 6 2 2 2 6 13 16 3 2 b 2 6 6
84b8 2334	| 6 2 2 61 27 61 1 6 6 1 3 3 3
5e55 2335	| 6 2 2 2 b 6 6 6 1 3 2 b 2
5922 2336	| 6 2 2 2 b 2 2 6 1 61 1 61 3
84c9 2337	| 6 2 2 2 2 61 1 3 1 3 2 b 6
7fa9 2338	| 3 1 6 2 6 6 1 6 2 9 y 1 3
6148 2339	| 3 1 6 13 16 3 13 16 3 1 c 3 3
6b73 2490	| 2 6 2 6 x 6 6 2 1 3 3 1 3
611b 2492	| 1 3 3 1 2 61 1 c 3 3 1 61 3
8a89 2502	| 3 3 1 6 1 3 3 6 6 6 2 b 6
7f6e 2608	| 2 b 2 2 6 6 2 2 b 6 6 6 c
7f72 2609	| 2 b 2 2 6 6 2 6 1 2 b 6 6
7f6a 2610	| 2 b 2 2 6 x 6 6 9 2 6 6 6
696d 2612	| 2 2 3 1 6 3 1 6 6 6 2 1 3
7bc0 2691	| 1 6 2 1 6 2 b 6 6 29 3 b 2
8cc3 2694	| 1 2 1 6 2 6 2 b 6 6 6 1 3
8cc7 2695	| 3 9 1 61 x 3 2 b 6 6 6 1 3
8c4a 2697	| 2 b 2 2 6 6 6 2 b 6 3 1 6
8fb2 2698	| 2 b 2 2 6 6 6 x 6 6 29 1 3
7881 2699	| 6 2 2 6 6 6 1 3 6 1 2 b 6
96fb 2790	| 6 2 61 2 3 3 3 3 2 b 6 6 c
96f7 2791	| 6 2 61 2 3 3 3 3 2 b 2 6 6
96f6 2792	| 6 2 61 2 3 3 3 3 1 3 3 61 3
96f6 2792	| 6 2 61 2 3 3 3 3 1 3 6 b7 2
76df 2794	| 2 b 6 6 x b 6 6 2 b 2 2 6
7981 2795	| 6 2 1 3 6 2 1 3 6 6 2 1 3
7763 2796	| 2 6 6 2 1 3 61 3 2 b 6 6 6
697d 2826	| 1 2 b 6 6 3 9 1 3 6 2 1 3
7167 2827	| 2 b 6 6 b7 1 2 b 6 1 3 3 3
60f3 2828	| 6 2 1 3 2 b 6 6 6 1 c 3 3
6101 2829	| 1 6 2 1 3 2 1 x 3 1 c 3 3
8056 2830	| 6 2 6 6 9 2 2 b 6 6 2 6 6
611a 2834	| 2 b 6 6 2 b 2 9 3 1 c 3 3
611f 2835	| x 6 6 2 b 6 y 1 3 1 c 3 3
5857 2841	| 3 3 9 1 3 6 6 2 1 3 6 2 6
5968 2842	| 2 3 9 1 3 3 1 6 2 3 6 x 3
5851 2843	| 3 1 6 c 2 x x b 6 6 6 2 6
6e96 2856	| 3 3 9 1 2 1 6 2 6 6 6 6 2
52e2 2857	| 6 2 6 x c 6 2 9 x 6c 3 b7 x
9060 3150	| 6 2 6 2 b 6 1 2 1 3 3 6131 36
9055 3151	| 2 b 6 2 b 6 6 2 6 2 3 6131 36
9063 3152	| 2 b 6 2 6 2 b 6 b 6 3 6131 36
5ec9 3153	| 2 6 x 3 1 6 b 6 6 2 2 1 3
5712 3156	| 2 b 6 2 6 2 b 6 1 2 1 3 6
865e 3254	| 2 6 x 61 6 c 2 b 6 2b 6 1 3
865c 3255	| 2 6 x 61 6 c 2 b 2 6 6 b7 x
75f4 3286	| 2 6 x 3 9 1 6 6 x 3 2 b 6
8f09 3300	| 6 2 6 6 2 b 6 6 6 2 y 1 3
