# This is unistrok.10
# See the original unistrok for the format of this file
#   (c) 1997 Todd David Rudick
500d 108	| 1 2 2 6 3 1 6 2 b 6
5024 109	| 1 2 6 2 2 b 6 6 6 c
4ffa 110	| 1 2 6 x 3 2 b 6 6 c
4ff3 112	| 1 2 x 6 6 6 2 6 6 6
5023 113	| 1 2 2 6 627 x x 6 x y
4ff8 114	| 1 2 6 6 6 x 3 6 6 2
4ff5 115	| 1 2 6 2 6 6 x 29 11 3
5039 116	| 1 2 1 3 6 2 b 6 x 3
500b 117	| 1 2 2 b 6 2 2 b 6 6
5019 119	| 1 2 2 b 6 1 6 6 x y
502b 120	| 1 2 1 3 6 2 b 6 2 2
501f 122	| 1 2 6 2 2 6 2 b 6 6
4fee 123	| 1 2 2 1 6 1 3 1 1 1
5012 124	| 1 2 6 16 3 6 2 9 2 2
51c6 127	| 3 9 1 2 1 6 2 6 6 6
51cd 129	| 3 9 6 2 b 6 6 2 1 3
5e30 130	| 2 x b 6 6 1 61 2 b 6
5506 402	| 2 b 6 16 3 1 c 1 61 3
57cb 403	| 6 2 9 2 b 6 6 2 6 6
5a2f 405	| 23 x 6 2 b 6 2b 6 1 3
5a18 406	| 23 x 6 2 b 6 6 29 1 3
59eb 407	| 23 x 6 2 6 2 b 6 2 6
5a20 408	| 23 x 6 6 x 6 6 29 1 3
5b6b 410	| 61 27 9 1 13 16 3 2 1 3
5cf0 411	| 2 c 2 1 61 3 6 6 6 2
5f90 414	| 1 1 2 1 3 6 6 2 1 3
5f93 415	| 1 1 2 3 1 6 2 6 1 3
5f92 416	| 1 1 2 6 2 6 2 6 1 3
60a6 418	| 1 3 2 3 1 2 b 6 x c
609f 419	| 1 3 2 6 2 b 6 2 b 6
60a9 421	| 1 3 2 3 3 1 1 3 c 2
6355 429	| 6 2 9 6 2 b 6 6 2 3		| j2-y3
632f 430	| 6 2 9 6 x 6 6 29 1 3		| j2-y3
633f 431	| 6 2 9 1 6 2 b 6 6 2		| j2-y3
635c 432	| 6 2 9 2 b 6 6 2 61 3		| j2-y3
6d6e 435	| 3 3 9 1 3 3 1 61 27 6
6d5c 436	| 3 3 9 1 2 6 2 6 1 3
6d66 437	| 3 3 9 6 2 b 6 6 2 3
6d6a 439	| 3 3 9 2 b 6 6 29 1 3
6d99 440	| 3 3 9 6 b 6 x 6 x 3
6d41 441	| 3 3 9 2 6 16 3 x 2 c
6d78 442	| 3 3 9 b 6 6 2 61 61 3
6d88 443	| 3 3 9 2 3 1 2 b 6 6
9152 444	| 3 3 9 6 2 b x c 6 6
965b 453	| 61 34 2 6 29 1 c 6 2 6
9662 454	| 61 34 2 2 2 61 6 6 x c
9663 455	| 61 34 2 6 2 b 6 6 6 2
9664 456	| 61 34 2 1 3 6 6 2 1 3
9665 457	| 61 34 2 1 61 2 2 b 6 6
964d 458	| 61 34 2 1 61 3 6 2 6 2
5c06 460	| 2 3 9 1 3 3 1 6 2 3
65c5 922	| 2 6 b7 x 1 6 1 2 1 3
6642 924	| 2 b 6 6 6 2 6 6 2 3
6885 925	| 6 2 1 3 1 6 c b 2 6
683c 926	| 6 2 1 3 1 61 3 2 b 6
6838 927	| 6 2 1 3 2 6 13 1 1 3
6821 929	| 6 2 1 3 2 6 1 3 x y
6839 930	| 6 2 1 3 b 6 6 29 1 3
685c 931	| 6 2 1 3 3 3 1 13 x 6
685f 932	| 6 2 1 3 6 6 6 3 1 3
6813 934	| 6 2 1 3 1 3 6 2 6 6
682a 935	| 6 2 1 3 1 6 6 2 1 3
6843 936	| 6 2 1 3 x 3 9 c 1 3
6b89 941	| 6 x 6x 3 1 b7 2 b 6 6
6b8a 942	| 6 x 6x 3 1 6 6 2 1 3
6b8b 943	| 6 x 6x 3 6 6 6 3 1 3
7279 945	| 1 6 2 9 6 2 6 6 2 3
73ed 946	| 6 2 6 9 2 x 6 2 6 6
73e0 947	| 6 2 6 9 1 6 6 2 1 3
7965 948	| 2 61 2 3 3 1 6 2 6 6
6715 949	| x b 6 6 3 1 6 6 x 3
80f4 950	| x b 6 6 2 b 6 2 b 6
80f8 951	| x b 6 6 1 b7 1 3 c 2
8108 953	| x b 6 6 1 x 1 2 1 3
8102 954	| x b 6 6 1 c 2 b 6 6
7554 1145	| 2 b 2 6 6 3 1 6 6 2
7720 1147	| 2 b 6 6 6 b 6 29 6 3
7834 1150	| 6 x 2 b 6 x 61 2 61 3
7832 1151	| 6 x 2 b 6 1 b b 6 c
79e9 1158	| 1 6 2 1 3 1 6 6 x 3
79d8 1159	| 1 6 2 1 3 3 1 c 2 3
79f0 1160	| 1 6 2 1 3 1 6 2 1 3
79df 1161	| 1 6 2 1 3 2 b 6 6 6
88ab 1163	| 2 61 2 1 3 x 61 2 61 3
8896 1164	| 2 61 2 1 3 2 b 2 6 6
65e2 1166	| b 6 6 29 3 6 2 6 x c
5f31 1167	| b 6 2b7 3 9 b 6 2b7 3 9
7d21 1295	| 13 16 3 2 1 3 2 6 b7 x
7d1b 1296	| 13 16 3 2 1 3 1 3 b7 x
7d14 1297	| 13 16 3 2 1 3 1 c 2 c
7d0b 1299	| 13 16 3 2 1 3 2 6 x y
7d0d 1300	| 13 16 3 2 1 3 2 b x 3
7d17 1301	| 13 16 3 2 1 3 2 1 3 1
7d19 1302	| 13 16 3 2 1 3 1 29 6 y
8015 1308	| 6 6 6 2 1 3 6 6 x 2
8017 1309	| 6 6 6 2 1 3 1 6 6 c
6065 1313	| 6 2 6 6 9 2 2 c 3 3
81f4 1316	| 6 16 3 6 2 9 1 6 x y
822c 1317	| 1 x b 3 2 9 x 6c 61 3
822a 1318	| 1 x b 3 2 9 2 6 x 6c
868a 1319	| 2 b 6 2 9 3 2 6 x y
654f 1322	| 1 6 c b 2 6 1 6 x y
80fd 1323	| 16 3 2 b 6 6 1 c 1 c
6bba 1324	| 1 3 6 2 1 3 x 6c 61 3
6717 1325	| 2 b 6 6 29 3 x b 6 6
5e2b 1326	| 1 2 b 6 b 6 6 2 b 2
74f6 1344	| 3 1 6 6 x 2 6 29 6c 3
8a18 1453	| 3 6 6 6 2 b 6 b 6 c
8a13 1454	| 3 6 6 6 2 b 6 x 2 2
8a17 1455	| 3 6 6 6 2 b 6 1 6 c
8a0e 1456	| 3 6 6 6 2 b 6 6 2 3
8ca1 1457	| 2 b 6 6 6 1 3 6 2 1
5c04 1458	| 1 2 b 6 6 9 9 6 2 3
8ed2 1459	| 6 2 b 6 6 6 2 6 6 2
914d 1460	| 6 2 b x c 6 6 b 6 c
914c 1461	| 6 2 b x c 6 6 1 b7 3
755d 1465	| 2 6 2 b 2 6 6 1 6x 3
90e1 1466	| b 6 6 x 2 b 6 61 34 2
91dd 1666	| 1 3 6 6 2 3 1 9 6 2
98e2 1668	| 1 3 2 b 6 6 29 3 x 6c
5264 1669	| 2 6 1 3 x 6 6 2 2 2
5256 1670	| 2 6 3 1 6 2 b 6 2 2
5263 1672	| 1 3 6 2 b 6 x 3 2 2
525b 1673	| 2 b 3 1 6 2 c 2 2 2
6247 1950	| 6 b 6 x b 3 9 b 3 9
755c 2096	| 2 6 13 16 3 2 b 2 6 6
9ad8 2097	| 2 6 2 b 6 2 b 2 b 6
604b 2098	| 2 6 x 2 1 3 1 c 3 3
7adc 2099	| 2 6 3 1 6 2 b 6 6 c
8870 2100	| 2 6 2 b 6 6 1 29 1 3
5009 2104	| 1 3 6 b 6 6 x 2 b 6
7fc1 2108	| 1 3 16 3 b 3 9 b 3 9
8105 2109	| b7 1 b7 1 b7 1 2 b 6 6
771f 2111	| 6 2 2 b 6 6 6 6 1 3
6851 2112	| 61 3 61 3 61 3 6 2 1 3
590f 2113	| 6 1 2 b 6 6 6 1 61 3
54e1 2269	| 2 b 6 2 b 6 6 6 1 3
6848 2270	| 2 2 61 13 x 6 6 2 1 3
5bb4 2271	| 2 2 61 2 b 6 6 13 x 6
5bb3 2272	| 2 2 61 6 2 6 6 2 b 6
5bb6 2273	| 2 2 61 6 1 327 1 1 1 3
5bae 2274	| 2 2 61 2 b 6 1 2 b 6
5bb0 2275	| 2 2 61 2 6 3 1 6 6 2
5bb5 2276	| 2 2 61 2 3 1 2 b 6 6
5bb9 2277	| 2 2 61 1 3 1 3 2 b 6
8ca2 2281	| 6 2 6 2 b 6 6 6 1 3
8377 2282	| 6 2 2 1 2 6 2 b 6 2
83ef 2283	| 6 2 2 6 6 2 2 6 6 2
76ca 2285	| 3 1 6 1 3 2 b 2 2 6
517c 2286	| 3 1 6 b 6 6 2 2 1 3
7d22 2455	| 6 2 2 61 13 16 3 2 1 3
6319 2456	| 3 3 1 6 1 3 1 6 6 27
8695 2457	| 6 6 x 3 2 b 6 2 6 3
7d20 2458	| 6 2 6 6 13 16 3 2 1 3
606d 2459	| 6 2 2 6 1 3 2 1 3 3
7559 2580	| 1 29 3 b7 x 2 b 2 6 6
515a 2581	| 2 3 1 2 61 2 b 6 x c
5e2f 2582	| 6 2 2 2 6 2 61 2 b 2
6cf0 2583	| 6 6 6 x 3 2 3 9 1 3
7b11 2646	| 1 6 2 1 6 2 1 6 x 3
606f 2647	| 1 2 b 6 6 6 1 c 3 3
6817 2649	| 6 2 b 2 2 6 6 2 1 3
6050 2650	| 6 2 9 x 6c 3 1 c 3 3
70c8 2652	| 6 1 61 3 2 2 1 3 3 3
9aa8 2654	| 2 b 2 6 2 61 2 b 6 6
6069 2655	| 2 b 6 x 3 6 1 c 3 3
664b 2656	| 6 2 2 3 1 6 2 b 6 6
9b3c 2657	| 1 2 b 2 6 6 x c 16 3
66f8 2658	| b 6 6 6 6 2 2 b 6 6
6075 2659	| 6 2 b 6 6 2 1 c 3 3
8fb1 2736	| 6 x 6 6 29 1 3 6 2 3
5507 2737	| 6 x 6 6 29 1 3 2 b 6
54f2 2738	| 6 2 9 1 x 6 2 2 b 6
96bb 2755	| 1 2 1 6 2 6 6 6 61 3
539f 3009	| 6 x 1 2 b 6 6 2 1 3
9010 3102	| 6 1 327 1 1 1 3 3 6131 36
9023 3103	| 6 2 b 6 6 6 2 3 6131 36
901d 3104	| 6 2 9 1 x 6 2 3 6131 36
901f 3105	| 6 2 b 6 2 1 3 3 6131 36
9013 3106	| 1 x 6 6 2 b 2 3 6131 36
9014 3107	| 1 3 6 6 2 1 3 3 6131 36
900f 3108	| 1 6 2 1 3 1 bb7 3 6131 36
901a 3109	| 61 3 2 b 6 6 2 3 6131 36
9020 3110	| 1 6 2 6 2 b 6 3 6131 36
5c55 3111	| b 6 x 6 2 2 6 29 1 3
5eab 3112	| 2 6 x 6 2 b 6 6 6 2
5e2d 3113	| 2 6 x 6 2 2 6 2 b 2
5ead 3114	| 2 6 x 1 6 2 6 61 61 36
5510 3115	| 2 6 x b 6 6 2 2 b 6
5ea7 3116	| 2 6 x 1 3 1 3 6 2 6
75c5 3277	| 2 6 x 3 9 6 2 b x 3
75b2 3278	| 2 6 x 3 9 x 61 2 61 3
75be 3279	| 2 6 x 3 9 1 6 6 x 3
75c7 3280	| 2 6 x 3 9 6 2 6 2 6
99ac 3296	| 2 6 2 6 6 b7 3 3 3 3
683d 3297	| 6 2 6 6 2 1 3 y 1 3
8d77 3307	| 6 2 6 2 6 1 3 b 6 c
5cf6 3310	| 1 2 b 6 6 6 b7 2 c 2
5dee 3311	| 3 1 6 2 6 6 1 6 2 6
52c9 3318	| 1 61 2 b 2 6 x c b7 x
