# This is unistrok.20
# See the original unistrok for the format of this file
#   (c) 1997 Todd David Rudick
6b04 1103	| 6 2 1 3 2 b 6 6 2 b 6 6 6 2 b 6 6 2 1 3
9a30 1106	| x b 6 6 3 1 6 6 x 3 2 6 2 6 6 b7 1 3 3 3
8b70 1647	| 3 6 6 6 2 b 6 3 1 6 2 6 6 1 6 2 9 3 1 3
8b77 1648	| 3 6 6 6 2 b 6 6 2 2 1 2 1 6 2 6 6 6 61 3
8b72 1649	| 3 6 6 6 2 b 6 2 6 1 3 6 2 2 6 6 1 29 1 3
91b8 1654	| 6 2 b x c 6 6 2 6 1 3 6 2 2 6 6 1 29 1 3
9418 1769	| 1 3 6 6 2 3 1 9 2 6 3 1 6 2 b 6 6 2 6 6
7af6 1847	| 2 6 3 1 6 2 b 6 x 29 2 6 3 1 6 2 b 6 x c
7c4d 2731	| 1 6 2 1 6 2 6 6 6 2 1 3 6 2 2 6 2 b 6 6
97ff 2878	| 13 16 1 b 6 6 29 3 61 34 2 2 6 3 1 6 2 b 6 6
61f8 2915	| 2 b 6 6 6 c 2 1 3 1 13 16 3 2 1 3 1 c 3 3
