# This is unistrok.14
# See the original unistrok for the format of this file
#   (c) 1997 Todd David Rudick
50d5 164	| 1 2 2 2 3 1 6 3 1 6 6 6 x 3
50da 165	| 1 2 6 x 3 3 1 2 b 6 6 2 1 3
50cf 166	| 1 2 1 61 2 b 2 6 1 327 1 1 1 3
9cf4 674	| 2 b 6 1 2 b 6 6 6 b7 1 2 3 3
5883 676	| 6 2 9 2 6 3 1 6 2 b 6 6 x c
5897 677	| 6 2 9 3 1 2 b 2 6 6 2 b 6 6
5ae1 680	| 23 x 6 2 6 3 1 2 b 6 2 2 b 6
5fb4 683	| 1 1 2 2 c 2 6 2 6 9 1 6 x y
5fb3 684	| 1 1 2 6 2 2 b 2 2 6 1 c 3 3
6163 685	| 1 3 2 c b 2 6 2 b 6 6 6 1 3
6162 686	| 1 3 2 2 b 6 6 2 b 2 2 6 61 3
618e 687	| 1 3 2 3 1 2 b 2 6 6 2 b 6 6
6458 694	| 6 2 9 2 6 3 1 2 b 6 2 2 b 6		| j2-y3
6f14 697	| 3 3 9 2 2 61 6 2 b 2 6 6 1 3
6f01 698	| 3 3 9 1 61 2 b 2 6 6 1 3 3 3
6f02 699	| 3 3 9 6 2 b 2 2 6 6 6 2 1 3
6f2b 700	| 3 3 9 2 b 6 6 2 b 2 2 6 61 3
6f0f 701	| 3 3 9 b 6 x 6 2 b 2 3 3 3 3
6f2c 702	| 3 3 9 6 2 6 6 2 b 6 6 6 1 3
6f06 704	| 3 3 9 6 2 1 3 1 3 2 3 1 1 3
6ef4 705	| 3 3 9 2 6 3 1 2 b 6 2 2 b 6
6f38 706	| 3 3 9 6 2 b 6 6 6 2 1 x 6 2
7344 712	| 1 27 1 3 6 6 6 2 b 6 6 x y 3
96a0 713	| 61 34 2 1 3 3 1 b 6 6 1 b 3 3
969b 714	| 61 34 2 1 61 3 3 61 3 6 6 27 1 3
969c 715	| 61 34 2 2 6 3 1 6 2 b 6 6 6 2
65d7 1047	| 2 6 b7 x 1 6 6 2 2 6 6 6 1 3
6982 1048	| 6 2 1 3 b 6 6 29 3 6 2 6 x c
69cb 1049	| 6 2 1 3 6 2 2 6 6 2 b 2 6 6
6a21 1050	| 6 2 1 3 6 2 2 2 b 6 6 6 x 3
69d8 1052	| 6 2 1 3 3 1 6 6 6 2 3 9 1 3
96cc 1055	| 2 6 2 9 1 c 1 2 1 6 2 6 6 6
819c 1062	| x b 6 6 6 2 2 2 b 6 6 6 x 3
9b42 1063	| 6 6 16 3 1 2 b 2 6 6 x c 16 3
7891 1213	| 6 x 2 b 6 1 2 b 2 6 6 1 6 2
78c1 1214	| 6 x 2 b 6 3 1 6 13 16 3 13 16 3
7a2e 1218	| 1 6 2 1 3 1 6 2 b 6 6 2 6 6
7a32 1219	| 1 6 2 1 3 1 3 3 1 2 2 b 6 6
7aef 1221	| 2 6 3 1 9 2 c 2 6 1 2 b 2 2
8907 1222	| 2 61 2 1 3 1 3 2 b 6 6 1 61 3
9818 1224	| 1 3 6 b7 2 6 1 2 b 6 6 6 1 3
9818 1224	| 1 3 3 61 3 6 1 2 b 6 6 6 1 3
7cbe 1366	| 3 1 6 2 1 3 6 2 6 6 2 b 6 6
7dad 1370	| 13 16 3 2 1 3 1 2 1 6 2 6 6 6
7db1 1372	| 13 16 3 2 1 3 2 b 3 1 6 2 c 2
7dbf 1373	| 13 16 3 2 1 3 1 2 b 6 6 2 b 2
7db2 1374	| 13 16 3 2 1 3 2 b 3 1 6 2 6 c
7df4 1375	| 13 16 3 2 1 3 6 2 b 6 6 2 1 3
7dbe 1376	| 13 16 3 2 1 3 6 2 6 x c 1 61 3
7dd1 1377	| 13 16 3 2 1 3 b 6 6 2 3 9 1 3
7dd2 1378	| 13 16 3 2 1 3 6 2 6 1 2 b 6 6
7dcf 1379	| 13 16 3 2 1 3 1 3 16 3 2 c 3 3
96d1 1385	| x 6c 6 2 1 3 1 2 1 6 2 6 6 6
8aad 1541	| 3 6 6 6 2 b 6 6 2 6 2 61 x c
8aa4 1542	| 3 6 6 6 2 b 6 2 b 6 c2 6 1 3
8a9e 1543	| 3 6 6 6 2 b 6 6 2 b 6 2 b 6
8a8d 1546	| 3 6 6 6 2 b 6 b7 1 3 1 c 3 3
8aac 1547	| 3 6 6 6 2 b 6 3 1 2 b 6 x c
8a8c 1548	| 3 6 6 6 2 b 6 6 2 6 1 c 3 3
8a98 1550	| 3 6 6 6 2 b 6 1 6 2 1 3 1 61617
8e0a 1558	| 2 b 6 2 6 2 9 61 3 2 b 6 6 2
9175 1561	| 6 2 b x c 6 6 6 2 6 1 61 27 6
9177 1562	| 6 2 b x c 6 6 1 6 2 6 2 b 6
9178 1563	| 6 2 b x c 6 6 16 3 x c 1 61 3
7591 1565	| 1 c 1 6 6 x 3 61 3 61 2 6 x 3
9285 1721	| 1 3 6 6 2 3 1 9 2 b 6 2 b 6
9280 1722	| 1 3 6 6 2 3 1 9 b 6 6 29 1 3
9283 1723	| 1 3 6 6 2 3 1 9 2 6 16 3 x c
9298 1724	| 1 3 6 6 2 3 1 9 1 61 3 2 b 6
92ad 1725	| 1 3 6 6 2 3 1 9 6 6 6 y 1 3
9291 1726	| 1 3 6 6 2 3 1 9 1 6 2 6 x c
9759 1728	| 6 2 6 6 2 b 6 6 1 61 b 6 6 2
99c4 1821	| 2 6 2 6 6 b7 2 3 3 3 6 x 3 3
99c5 1822	| 2 6 2 6 6 b7 2 3 3 3 b 6 x 3
99c6 1823	| 2 6 2 6 6 b7 2 3 3 3 6 x 3 c
7a40 1824	| 6 2 6 2 61 1 6 2 1 3 x 6c 61 3
6b4c 1825	| 6 2 b 6 2 6 2 b 6 2 1 61 x 3
5f70 1860	| 2 6 3 1 6 2 b 6 6 6 2 1 1 1
8c6a 2140	| 2 6 2 b 6 2 61 6 1 327 1 1 1 3
596a 2343	| 6 x 3 1 2 1 6 2 6 6 6 6 2 3
5be1 2344	| 2 2 61 6 2 2 b 6 6 6 1 3 b7 1
5be7 2345	| 2 2 61 1 c 3 3 2 b 2 2 6 6 2
5bdf 2347	| 2 2 61 1 61 3 3 61 3 6 6 2 1 3
6155 2353	| 6 2 2 2 b 6 6 6 x 3 2 1 3 3
66ae 2354	| 6 2 2 2 b 6 6 6 1 3 2 b 6 6
7f70 2613	| 2 b 2 2 6 3 6 6 6 2 b 6 2 2
7b87 2700	| 1 6 2 1 6 2 2 b 6 2 2 b 6 6
7ba1 2701	| 1 6 2 1 6 2 2 2 61 2 b 6 b 6
7b97 2702	| 1 6 2 1 6 2 2 b 6 6 6 6 x 2
9f3b 2706	| 1 2 b 6 6 6 2 b 2 6 6 6 x y
58a8 2753	| 2 b 6 6 2 6 6 1 3 3 3 6 2 6
8a93 2754	| 6 2 9 1 x 6 2 3 6 6 6 2 b 6
9700 2797	| 6 2 61 2 3 3 3 3 6 1 2 b 2 2
88fd 2803	| 1 6 6 2 b 2 2 2 2 6 1 29 1 3
78a7 2836	| 6 2 6 9 1 2 b 6 6 6 1 2 b 6
9aea 2846	| 2 6 6 6 6 16 3 1 1 1 6 x 61 3
614b 2847	| 16 3 2 b 6 6 1 c 1 c 1 c 3 3
587e 2860	| 2 6 2 b 6 61 27 9 x 6c 3 6 2 6
719f 2868	| 2 6 2 b 6 61 27 9 x 6c 1 3 3 3
66a6 3018	| 6 x 6 2 1 3 6 2 1 3 2 b 6 6
6b74 3019	| 6 x 6 2 1 3 6 2 1 3 2 6 2 6
906e 3158	| 2 6 x 6 2 2 6 1 3 3 3 3 6131 36
906d 3159	| 6 2 b 2 2 6 6 2 b 6 6 3 6131 36
5c64 3161	| b 6 x 3 1 2 b 2 6 6 2 b 6 6
8150 3162	| 2 6 x 1 2 6 2 3 2 b 1 3 1 3
95a5 3325	| 2 b 6 6 2 b 6 6 1 2 6 y 1 3
805e 3326	| 2 b 6 6 2 b 6 6 6 2 6 6 9 2
95a3 3327	| 2 b 6 6 2 b 6 6 1 61 3 2 b 6
95a2 3328	| 2 b 6 6 2 b 6 6 3 1 6 6 x 3
