# This is unistrok.12
# See the original unistrok for the format of this file
#   (c) 1997 Todd David Rudick
9806 18	| x 2 2 6 1 2 b 6 6 6 1 3
5099 146	| 1 2 6 2 2 6 1 2 b 6 6 2
508d 147	| 1 2 2 6 3 1 2 61 2 6 627 1
5049 148	| 1 2 2 b 6 2 b 6 6 2 6 2
535a 151	| 6 2 6 2 b 6 6 2 3 6 2 3
559a 550	| 2 b 6 1 61 2 b x c 6 x 3
55ab 551	| 2 b 6 6 2 6 9 b7 1 6 x 3
585a 556	| 6 2 9 2 61 6 1 327 1 1 1 3
5840 557	| 6 2 9 2 b 6 6 6 x 617 1 1
582a 559	| 6 2 9 6 2 2 6 6 6 1 c c
5824 560	| 6 2 9 2 b 6 6 6 2 6 x 3
5854 561	| 6 2 9 6 2 2 1 3 6 2 b 6
5a92 564	| 23 x 6 6 2 2 6 6 6 2 1 3
5a7f 566	| 23 x 6 61 2 6 x 3 2 b 6 6
9805 567	| 6 2 9 6 1 2 b 6 6 6 1 3
5e3d 568	| 2 b 2 2 b 6 6 2 b 6 6 6
5e45 569	| 2 b 2 6 2 b 6 2 b 2 6 6
5f3e 572	| b 6 2b7 3 3 1 2 b 6 6 6 2
5fa9 575	| 1 1 2 1 6 2 b 6 6 1 61 3
8857 576	| 1 1 2 6 2 6 6 2 9 6 6 2
5fa1 577	| 1 1 2 1 6 6 2 6 2 9 b7 2
5faa 578	| 1 1 2 1 x 6 2 2 b 6 6 6
60f0 579	| 1 3 2 6 x 6 2 6 2 b 6 6
614c 580	| 1 3 2 6 2 2 2 6 c x 2 c
6109 582	| 1 3 2 1 3 6 2 b 6 6 2 2
63e1 585	| 6 2 9 b 6 x 6 16 3 6 2 6		| j2-y3
63f4 586	| 6 2 9 1 3 3 1 6 6 x 61 3		| j2-y3
63db 587	| 6 2 9 1 61 2 b x c 6 x 3		| j2-y3
63ee 589	| 6 2 9 2 61 6 2 b 6 6 6 2		| j2-y3
63c3 590	| 6 2 9 3 1 6 2 b 6 6 2 2		| j2-y3
63d0 591	| 6 2 9 2 b 6 6 6 2 6 x 3		| j2-y3
642d 592	| 6 2 9 6 2 2 1 3 6 2 b 6		| j2-y3
63da 593	| 6 2 9 2 b 6 6 6 x 617 1 1		| j2-y3
63fa 594	| 6 2 9 1 3 3 1 6 6 2 c 2		| j2-y3
6e1b 601	| 3 3 9 x 6 6 2 b 6 3 1 3
6ecb 602	| 3 3 9 3 1 6 13 16 3 13 16 3
6e26 603	| 3 3 9 2 b 2 6 2 b 2 b 6
6e56 604	| 3 3 9 6 2 2 b 6 x b 6 6
6e2f 605	| 3 3 9 6 2 2 6 1 3 b 6 c
6e80 607	| 3 3 9 6 2 2 6 2 b 2 c 2
6e29 608	| 3 3 9 2 b 6 6 2 b 2 2 6
6e7f 609	| 3 3 9 2 b 6 6 2 2 3 1 6
6e2c 610	| 3 3 9 2 b 6 6 6 1 3 2 2
6e21 611	| 3 3 9 2 6 x 6 2 2 6 61 3
6e6f 612	| 3 3 9 2 b 6 6 2 1 61 1 1
6e7e 613	| 3 3 9 2 6 x 2 1 3 b 6 2b7
7336 619	| 1 27 1 3 1 6 2 b x c 6 6
9685 623	| 61 34 2 2 b 6 6 2 b 6 6 3
968e 624	| 61 34 2 6 29 1 c 1 2 b 6 6
968a 625	| 61 34 2 3 1 6 1 327 1 1 1 3
967d 626	| 61 34 2 2 b 6 6 6 1 617 1 1
968f 627	| 61 34 2 1 6 2 b 6 6 3 6131 36
5ac1 635	| 23 x 6 2 2 61  1 327 1 1 1 3
6669 979	| 2 b 6 6 1 61 2 b 2 6 x c
6681 980	| 2 b 6 6 6 2 6 2 2 6 x c
6674 981	| 2 b 6 6 6 2 6 6 2 b 6 6
68d2 983	| 6 2 1 3 6 6 6 x 3 6 6 2
68da 984	| 6 2 1 3 x b 6 6 x b 6 6
68fa 985	| 6 2 1 3 2 2 61 2 b 6 b 6
691c 986	| 6 2 1 3 1 3 6 2 b 6 x 3
68cb 987	| 6 2 1 3 6 2 2 6 6 6 1 3
690d 990	| 6 2 1 3 6 2 2 b 6 6 6 c
68df 991	| 6 2 1 3 6 2 b 6 6 2 1 3
6b96 994	| 6 x 6x 3 6 2 2 b 6 6 6 c
713c 997	| 3 1 x 3 6 2 6 2 2 6 x c
745b 999	| 6 2 6 9 6 2 2 2 b 6 x 3
52dd 1005	| x b 6 6 3 1 6 6 x 3 61 x
8155 1006	| x b 6 6 2 2 61 x 6x 3 b c
96c4 1008	| 6 x 16 3 1 2 1 6 2 6 6 6
758e 1178	| 61 2 6 2 9 6 2 b 6 2 1 3
77ed 1182	| 1 6 6 x 3 6 2 b 6 3 1 6
786c 1183	| 6 x 2 b 6 6 2 b 6 6 x 3
786b 1184	| 6 x 2 b 6 2 6 16 3 x 2 c
785d 1185	| 6 x 2 b 6 2 3 1 2 b 6 6
7a0b 1190	| 1 6 2 1 3 2 b 6 6 2 6 6
7a0e 1191	| 1 6 2 1 3 3 1 2 b 6 x c
88dc 1194	| 2 61 2 1 3 6 2 b 6 6 2 3
88d5 1195	| 2 61 2 1 3 1 3 1 3 2 b 6
7ca7 1345	| 3 1 6 2 1 3 2 6 x 6 2 6
7d75 1346	| 13 16 3 2 1 3 1 3 6 6 16 3
7d50 1348	| 13 16 3 2 1 3 6 2 6 2 b 6
7d5e 1349	| 13 16 3 2 1 3 2 6 1 3 x y
7d66 1350	| 13 16 3 2 1 3 1 3 6 2 b 6
7d61 1351	| 13 16 3 2 1 3 1 61 3 2 b 6
7d71 1352	| 13 16 3 2 1 3 2 6 16 3 x c
7d76 1353	| 13 16 3 2 1 3 1 61 b 2 6 c
8a60 1500	| 3 6 6 6 2 b 6 3 b 61 1 3
8a55 1501	| 3 6 6 6 2 b 6 6 3 1 6 2
8a50 1502	| 3 6 6 6 2 b 6 1 6 2 6 6
8a5e 1503	| 3 6 6 6 2 b 6 b 6 2 b 6
8a3a 1504	| 3 6 6 6 2 b 6 1 3 1 1 1
8a54 1505	| 3 6 6 6 2 b 6 b7 1 2 b 6
8a3c 1506	| 3 6 6 6 2 b 6 6 2 6 2 6
8a34 1507	| 3 6 6 6 2 b 6 1 x 6 2 3
8caf 1509	| 2 b 6 6 6 1 3 2 2 61 6 2
8ddd 1511	| 2 b 6 2 6 2 9 2 6 b 6 6
8ef8 1514	| 6 2 b 6 6 6 2 2 b 2 6 6
8efd 1515	| 6 2 b 6 6 6 2 61 3 6 2 6
9162 1516	| 6 2 b x c 6 6 1 6 2 6 6
920d 1689	| 1 3 6 6 2 3 1 9 1 c 2 c
98ef 1691	| 1 3 2 b 6 6 29 3 6 x 61 3
98f2 1692	| 1 3 2 b 6 6 29 3 1 61 x 3
5c31 1694	| 2 6 2 b 6 2 1 3 6 x c 3
671d 1695	| 6 2 2 b 6 6 6 2 x b 6 6
5831 1698	| 6 2 6 3 1 6 6 2 b7 2 61 3
6b3e 1700	| 6 2 6 6 6 2 1 3 1 61 x 3
656c 1701	| 6 2 2 1 6b7 2 b 6 1 6 x 3
6563 1702	| 6 2 2 6 2 b 6 6 1 6 x 3
6b3a 1703	| 6 2 2 6 6 6 1 3 1 61 x 3
671f 1704	| 6 2 2 6 6 6 1 3 x b 6 6
6562 1706	| 6 2 6 2 6 6 9 2 1 6 x 3
6bbf 1792	| b x 6 2 2 6 1 3 x 6c 61 3
5275 1815	| 1 3 6 b 6 6 x 2 b 6 2 2
5272 1816	| 2 2 61 6 2 6 6 2 b 6 2 2
52e4 1818	| 6 2 2 2 b 6 2 6 6 9 b7 x
6249 1955	| 6 b 6 x x 6 6 9 2 6 6 6
96c7 1956	| 6 b 6 x 1 2 2 6 2 6 6 6
86ee 2129	| 2 6 x 2 1 3 2 b 6 2 9 3
7ae5 2130	| 2 6 3 1 6 2 b 6 6 2 6 6
5098 2131	| 1 3 1 3 1 3 1 3 1 3 6 2
8c61 2134	| 1 61 2 b 2 6 1 327 1 1 1 3
7121 2135	| 1 6 6 2 2 2 2 6 1 3 3 3
559c 2308	| 6 2 6 2 b 6 3 1 6 2 b 6
5bcc 2310	| 2 2 61 6 2 b 6 2 b 2 6 6
5bd2 2311	| 2 2 61 6 2 2 6 6 1 3 3 3
5d50 2314	| 2 c 2 x 6y 1 2 b 6 2 9 3
52df 2316	| 6 2 2 2 b 6 6 6 1 3 b7 x
8475 2317	| 6 2 2 61 3 1 3 1 6 6 x 3
843d 2318	| 6 2 2 3 3 9 1 61 3 2 b 6
846c 2320	| 6 2 2 6 1 61 3 1 c 6 x 2
8449 2321	| 6 2 2 6 2 2 6 c 6 2 1 3
5c0b 2322	| b 6 6 6 2 9 2 b 6 6 2 3
666e 2323	| 3 1 6 2 2 3 1 6 2 b 6 6
5c0a 2324	| 3 1 6 2 b x c 6 6 6 2 3
5584 2325	| 3 1 6 6 6 2 3 1 6 2 b 6
666f 2470	| 2 b 6 6 2 6 2 b 6 2 1 3
91cf 2471	| 2 b 6 6 6 2 b 6 6 2 6 6
6691 2473	| 2 b 6 6 6 2 6 1 2 b 6 6
6676 2474	| 2 b 6 6 2 b 6 6 2 b 6 6	| y5-y1
68ee 2475	| 6 2 1 3 6 2 1 3 6 2 1 3
6b6f 2476	| 2 6 2 6 3 1 6 2 1 3 c 2
7573 2592	| 2 b 2 6 6 2 61 2 b 6 6 6
5841 2593	| 2 b 2 6 6 3 9 1 3 6 2 6
767b 2595	| 61 3 1 3 1 6 2 b 6 3 1 6
8cb7 2598	| 2 b 2 2 6 2 b 6 6 6 1 3
8cc0 2599	| b7 x 2 b 6 2 b 6 6 6 1 3
8cb8 2600	| 1 2 6 3 3 2 b 6 6 6 1 3
8cbf 2601	| 1 29 3 b7 x 2 b 6 6 6 1 3
638c 2602	| 2 3 1 2 61 2 b 6 1 6 6 27
55b6 2603	| 3 3 1 2 61 2 b 6 1 2 b 6
899a 2604	| 3 3 1 2 61 2 b 6 6 6 x c
8cb4 2606	| 2 b 6 2 6 2 b 6 6 6 1 3
8cbb 2607	| b 6 2b7 x 2 2 b 6 6 6 1 3
7b4b 2678	| 1 6 2 1 6 2 x b 6 6 b7 x
7b56 2679	| 1 6 2 1 6 2 6 2 b 2 1 3
7b52 2680	| 1 6 2 1 6 2 2 b 6 2 b 6
7b54 2681	| 1 6 2 1 6 2 1 3 6 2 b 6
7b49 2682	| 1 6 2 1 6 2 6 2 6 6 2 3
8846 2683	| 1 2 b 2 2 6 1 2 1 1 1 3
88c5 2685	| 2 3 9 6 2 6 2 6 1 29 1 3
88c2 2687	| 6 1 61 3 2 2 2 6 1 29 1 3
7d2b 2688	| 2 6 2 9 1 c 13 16 3 2 1 3
756a 2748	| 1 3 1 6 2 1 3 2 b 2 6 6
7126 2770	| 1 2 1 6 2 6 6 6 1 3 3 3
96c6 2771	| 1 2 1 6 2 6 6 6 6 2 1 3
96f0 2772	| 6 2 61 2 3 3 3 3 1 3 b7 x
96f2 2773	| 6 2 61 2 3 3 3 3 6 6 16 3
60b2 2775	| x 6 6 6 2 6 6 6 1 c 3 3
7434 2781	| 6 2 6 9 6 2 6 6 1 3 6 61
7136 2782	| 1 61 3 3 6 x 3 3 1 3 3 3
66ff 2783	| 6 6 x 3 6 6 x 3 2 b 6 6
667a 2784	| 1 6 6 x 3 2 b 6 2 b 6 6
716e 2785	| 6 2 6 1 2 b 6 6 1 3 3 3
60d1 2786	| 6 2 b 6 9 y 1 3 1 c 3 3
5815 2822	| 61 34 2 x 6 2 b 6 6 6 2 6
5805 2823	| 2 6 2 b 6 2 6 61 3 6 2 6
5965 2824	| 1 2 b 3 1 6 2 1 3 6 x 3
55aa 2825	| 6 2 2 b 6 2 b 6 6 29 1 3
9045 3133	| b 6 x 3 1 6 6 6 2 3 6131 36
9053 3134	| 3 1 6 1 2 b 6 6 6 3 6131 36
9047 3135	| 2 b 6 6 2 b 2 9 3 3 6131 36
904d 3136	| 6 b 6 x 2 b 6 2 2 3 6131 36
904e 3137	| 2 b 2 6 2 b 2 b 6 3 6131 36
9042 3138	| 3 1 6 1 327 1 1 1 3 3 6131 36
9054 3139	| 6 2 6 3 1 6 6 6 2 3 6131 36
904b 3140	| 2 b 6 2 b 6 6 6 2 3 6131 36
904a 3142	| 2 6 b7 x 1 6 61 27 6 3 6131 36
5c5e 3145	| b 6 x 1 2 b 6 2 b 2 9 3
5ec3 3146	| 2 6 x 61 3 1 3 1 6 6 x c
5eca 3147	| 2 6 x 2 b 6 6 29 3 61 327 2
570f 3148	| 2 b 3 1 6 6 x 3 b 6 c 6
75e2 3283	| 2 6 x 3 9 1 6 2 1 3 2 2
75d8 3284	| 2 6 x 3 9 6 2 b 6 3 1 6
75db 3285	| 2 6 x 3 9 61 3 2 b 6 6 2
88c1 3299	| 6 2 6 2 6 1 29 1 3 y 1 3
8d85 3313	| 6 2 6 2 6 1 3 b7 1 2 b 6
8d8a 3314	| 6 2 6 2 6 1 3 29 6 y 1 3
7740 3316	| 3 1 6 2 6 6 1 2 b 6 6 6
958b 3321	| 2 b 6 6 2 b 6 6 6 6 x 2
9591 3322	| 2 b 6 6 2 b 6 6 6 2 1 3
9593 3323	| 2 b 6 6 2 b 6 6 2 b 6 6		| l1-l5
5e7e 3582	| 13 16 3 13 16 3 6 x 3 y 1 3
